-1 -1 -1 -1 -1 -1 -1 -1 -1 -1 -1 -1 -1 -2 -2 0.5
-1 -1 -1 -1 -1 -1 -1 -1 -1 -1 -1 -1 -1 -2 0 0.5
-1 -1 -1 -1 -1 -1 -1 -1 -1 -1 -1 -1 -1 2 -2 0.5
-1 -1 -1 -1 -1 -1 -1 -1 -1 -1 -1 -1 -1 2 0 0.5
-1 -1 -1 -1 -1 -1 -1 -1 -1 -1 -1 -1 -1 -6 -2 0.5
-1 -1 -1 -1 -1 -1 -1 -1 -1 -1 -1 -1 -1 -6 10 0.5
-1 -1 -1 -1 -1 -1 -1 -1 -1 -1 -1 -1 -1 -6 0 0.5
-1 -1 -1 -1 -1 -1 -1 -1 -1 -1 -1 -1 -1 6 0 0.5
-1 -1 -1 -1 -1 -1 -1 -1 -1 -1 -1 -1 -1 8 16 0.5
-1 -1 -1 -1 -1 -1 -1 -1 -1 -1 -1 -1 -1 8 0 0.5
-1 -1 -1 -1 -1 -1 -1 -1 -1 -1 -1 -1 -1 -10 0 0.5
-1 -1 -1 -1 -1 -1 -1 -1 -1 -1 -1 -1 -1 10 0 0.5